75
95
17
18
20
19
88
99
41
41
53
70
91
63
4
0
64
47
35
4
1
2
65
41
48
71
11
71
66
62
0
0
82
87
82
23
77
4
26
72
44
33
52
4
98
0
0
0
10
47
75
73
28
56
33
65
28
38
68
27
0
0
0
0
65
3
7
6
83
47
25
77
17
89
23
0
0
0
0
0
34
63
16
40
32
43
73
14
53
9
0
0
0
0
0
0
67
70
80
37
91
17
91
67
70
0
0
0
0
0
0
0
92
70
16
52
78
43
30
98
0
0
0
0
0
0
0
0
33
94
97
39
58
73
73
0
0
0
0
0
0
0
0
0
29
51
68
50
16
93
0
0
0
0
0
0
0
0
0
0
14
17
27
69
38
0
0
0
0
0
0
0
0
0
0
0
57
29
87
53
0
0
0
0
0
0
0
0
0
0
0
0
48
40
60
0
0
0
0
0
0
0
0
0
0
0
0
0
31
4
0
0
0
0
0
0
0
0
0
0
0
0
0
0
23


